mean_std: 3.950143945985474e-05
max_std: 0.00021536473650485277
cv: 0.002114906208589673
ci_width: 0.00013015297008678317
coefficient_of_variation: 0.002114906208589673
mean_ci_width: 0.00013015297008678317
max_uncertainty: 0.00021536473650485277
mean_uncertainty: 3.950143945985474e-05
error_percent: 0.5
