mean_std: 0.000617434096056968
max_std: 0.06929522752761841
cv: 0.03580829128623009
ci_width: 0.0019596009515225887
coefficient_of_variation: 0.03580829128623009
mean_ci_width: 0.0019596009515225887
max_uncertainty: 0.06929522752761841
mean_uncertainty: 0.000617434096056968
error_percent: 5.0
