mean_std: 0.00022453165729530156
max_std: 0.026018798351287842
cv: 0.013221981935203075
ci_width: 0.0007156913634389639
coefficient_of_variation: 0.013221981935203075
mean_ci_width: 0.0007156913634389639
max_uncertainty: 0.026018798351287842
mean_uncertainty: 0.00022453165729530156
error_percent: 2.0
