mean_std: 7.900388300186023e-05
max_std: 0.0004306392220314592
cv: 0.004230032209306955
ci_width: 0.00025992115843109787
coefficient_of_variation: 0.004230032209306955
mean_ci_width: 0.00025992115843109787
max_uncertainty: 0.0004306392220314592
mean_uncertainty: 7.900388300186023e-05
error_percent: 1.0
