mean_std: 0.0012165363878011703
max_std: 0.12766633927822113
cv: 0.06662099808454514
ci_width: 0.003919170703738928
coefficient_of_variation: 0.06662099808454514
mean_ci_width: 0.003919170703738928
max_uncertainty: 0.12766633927822113
mean_uncertainty: 0.0012165363878011703
error_percent: 10.0
