mean_std: 0.0003961526381317526
max_std: 0.0021525314077734947
cv: 0.02122288942337036
ci_width: 0.0012937563005834818
coefficient_of_variation: 0.02122288942337036
mean_ci_width: 0.0012937563005834818
max_uncertainty: 0.0021525314077734947
mean_uncertainty: 0.0003961526381317526
error_percent: 5.0
