mean_std: 5.3246254537953064e-05
max_std: 0.006343658547848463
cv: 0.003123617498204112
ci_width: 0.00017314107390120625
coefficient_of_variation: 0.003123617498204112
mean_ci_width: 0.00017314107390120625
max_uncertainty: 0.006343658547848463
mean_uncertainty: 5.3246254537953064e-05
error_percent: 0.5
