mean_std: 0.00010792395914904773
max_std: 0.012745009735226631
cv: 0.006340069230645895
ci_width: 0.0003481101302895695
coefficient_of_variation: 0.006340069230645895
mean_ci_width: 0.0003481101302895695
max_uncertainty: 0.012745009735226631
mean_uncertainty: 0.00010792395914904773
error_percent: 1.0
