mean_std: 0.000158101407578215
max_std: 0.0008613357204012573
cv: 0.008465971797704697
ci_width: 0.0005189364310353994
coefficient_of_variation: 0.008465971797704697
mean_ci_width: 0.0005189364310353994
max_uncertainty: 0.0008613357204012573
mean_uncertainty: 0.000158101407578215
error_percent: 2.0
