mean_std: 0.0007766736671328545
max_std: 0.004164996091276407
cv: 0.04165828600525856
ci_width: 0.0025336244143545628
coefficient_of_variation: 0.04165828600525856
mean_ci_width: 0.0025336244143545628
max_uncertainty: 0.004164996091276407
mean_uncertainty: 0.0007766736671328545
error_percent: 10.0
